lastAccountName: PizzaMC
timestamps:
  login: 1737657230089
  logout: 1737657751340
ipAddress: 128.163.238.58
logoutlocation:
  world: world
  x: -36.81467645212281
  y: 82.0
  z: 5.062652133617874
  yaw: 95.09901
  pitch: 35.7
