lastAccountName: NO0TNOOT
timestamps:
  login: 1738333199996
  logout: 1738333208139
ipAddress: 77.172.103.37
logoutlocation:
  world: world
  x: -35.29481141760939
  y: 86.0
  z: -11.214081751786209
  yaw: -72.55398
  pitch: 1.782568
